01240004000000000801042004000000
08002020000000004808012020000000
48000100000000000840080100000002
08080800000000064A08480800000016
40004000000000321042004000000080
02020000000000808012020000000480
00100000000004800080100000002084
808000000000608084808000000164A0
04000000000324002004000000080104
20000000000800202020000000480801
00000000004800010100000002084008
000000000E080808080000001E4A0848
00000000F24000404000000000104200
00000000008202000000000000001202
00000000000090000000000000000010
00000000000000800000000000000000
80000000000000008000000000000000
80800000000000008080000000000004
80008000000000048400800000000020
8080808000000020A084808000000124
